101309
101410
107422
108323
109325
111716
113922
115724
117122
119833
120414
123925
124624
128632
130518
133019
136833
137027
138534
139637
141422
141826
142828
144731
144832
149741
156233
156536
157437
159239
161630
162228
163331
164030
172433
172534
173334
195041
200311
200614
201818
204622
206323
210617
213421
237334
256540
304020
366446
380036
394956
469961
552241
734045
782561
815247
856766
894673
930449
943862
102715
103414
104820
114621
120717
129129
133625
144933
150524
156031
158540
160931
165436
176037
188751
191336
192035
195849
196851
203923
204218
205220
206929
209228
214726
217126
219231
233326
257542
295146
346945
397154
429040
441939
516742
520228
525541
541640
561949
579867
597869
598568
633847
664757
728454
744553
748258
759869
763557
800941
812746
910443
128026
135124
137229
139839
143325
149236
149842
157942
159946
167440
200513
201111
202820
211316
238033
257946
371843
377451
386250
449753
481951
510225
523032
524135
617748
627852
680957
692964
694362
720337
729557
837964
884064
971160
978578
