101309
102715
103414
104820
105115
107422
108323
109325
113922
115724
117122
118730
119833
122620
124624
128632
129028
129129
133019
133625
133827
135124
136833
137027
137229
138534
139637
139839
141422
144731
144933
149236
149842
150524
156031
156536
157942
158540
159946
160931
162228
164030
167440
170934
172433
172534
173334
178849
188751
191336
192035
195041
195849
200311
200513
200614
201111
201818
202820
204016
204218
206323
206929
210617
211316
213421
214726
217126
219231
257542
257946
285446
290136
304020
346945
361941
371843
377451
380036
386250
394956
397154
429040
449753
475855
481951
510225
516742
520228
523032
524135
525541
541640
597869
598568
617748
647858
664757
680957
694362
720337
728454
729557
734045
744553
759869
763557
782561
783462
800941
812746
815247
844961
849971
884064
894673
910443
930449
943862
978578
